
NUMPOLLIES 6

// Floor 1
-3.0  0.0 -3.0 0.0 1.0
-3.0  0.0  3.0 0.0 0.0
 3.0  0.0  3.0 1.0 0.0
3.0 0.0 -3.0 1.0 1.0

// Ceiling 1
-3.0  2.0 -3.0 0.0 1.0
-3.0  2.0  3.0 0.0 0.0
 3.0  2.0  3.0 1.0 0.0
3.0 2.0 -3.0 1.0 1.0

// 前面

-3.0  2.0  -3.0 0.0 1.0
-3.0  0.0  -3.0 0.0 0.0
3.0   0.0  -3.0 1.0 0.0
3.0  2.0  -3.0 1.0 1.0

// 左面

-3.0  0.0  3.0 0.0 0.0
-3.0  2.0  3.0 0.0 1.0
-3.0  2.0  -3.0 1.0 1.0
-3.0   0.0  -3.0 1.0 0.0



// 右面

3.0  2.0  -3.0 0.0 1.0
3.0  0.0  -3.0 0.0 0.0
3.0  0.0  3.0 1.0 0.0
3.0  2.0  3.0 1.0 1.0


// 后面

-3.0  2.0  3.0 0.0 1.0
-3.0  0.0  3.0 0.0 0.0
3.0   0.0  3.0 1.0 0.0
3.0  2.0  3.0 1.0 1.0



