
NUMPOLLIES 26

// 地
-60.0 0.0 80.0 0.0 1.0
-60.0 0.0 0.0 0.0 0.0
60.0 0.0 0.0 1.0 0.0
60.0 0.0 80.0 1.0 1.0

// 天
-60.0 6.0 80.0 0.0 1.0
-60.0 6.0 0.0 0.0 0.0
60.0 6.0 0.0 1.0 0.0
60.0 6.0 80.0 1.0 1.0

// 前

-60.0 6.0 0.0 0.0 1.0
-60.0 0.0 0.0 0.0 0.0
60.0 0.0 0.0 1.0 0.0
60.0 6.0 0.0 1.0 1.0

// 后
-60.0 6.0 80.0 0.0 1.0
-60.0 0.0 80.0 0.0 0.0
60.0 0.0 80.0 1.0 0.0
60.0 6.0 80.0 1.0 1.0

// 左

-60.0 6.0 80.0 0.0 1.0
-60.0 0.0 80.0 0.0 0.0
-60.0 0.0 0.0 1.0 0.0
-60.0 6.0 0.0 1.0 1.0

// 右

60.0 6.0 0.0 0.0 1.0
60.0 0.0 0.0 0.0 0.0
60.0 0.0 80.0 1.0 0.0
60.0 6.0 80.0 1.0 1.0

// A前

-40.0 6.0 30.0 1.0 1.0
-40.0 0.0 30.0 1.0 0.0
-20.0 0.0 30.0 0.0 0.0
-20.0 6.0 30.0 0.0 1.0

// A左
-40.0 6.0 50.0 1.0 1.0
-40.0 0.0 50.0 1.0 0.0
-40.0 0.0 30.0 0.0 0.0
-40.0 6.0 30.0 0.0 1.0

// A后

-40.0 6.0 50.0 0.0 1.0
-40.0 0.0 50.0 0.0 0.0
-20.0 0.0 50.0 1.0 0.0
-20.0 6.0 50.0 1.0 1.0

//A右

-20.0 6.0 30.0 1.0 1.0
-20.0 0.0 30.0 1.0 0.0
-20.0 0.0 50.0 0.0 0.0
-20.0 6.0 50.0 0.0 1.0

// B前
-40.0 6.0 5.0 1.0 1.0
-40.0 0.0 5.0 1.0 0.0
-30.0 0.0 5.0 0.0 0.0
-30.0 6.0 5.0 0.0 1.0

// B右
-30.0 6.0 5.0 1.0 1.0
-30.0 0.0 5.0 1.0 0.0
-30.0 0.0 20.0 0.0 0.0
-30.0 6.0 20.0 0.0 1.0

//B左
-40.0 6.0 20.0 1.0 1.0
-40.0 0.0 20.0 1.0 0.0
-40.0 0.0 5.0 0.0 0.0
-40.0 6.0 5.0 0.0 1.0
//B后
-40.0 6.0 20.0 0.0 1.0
-40.0 0.0 20.0 0.0 0.0
-30.0 0.0 20.0 1.0 0.0
-30.0 6.0 20.0 1.0 1.0

//C前
20.0 6.0 30.0 1.0 1.0
20.0 0.0 30.0 1.0 0.0
40.0 0.0 30.0 0.0 0.0
40.0 6.0 30.0 0.0 1.0



//C右
40.0 6.0 30.0 1.0 1.0
40.0 0.0 30.0 1.0 0.0
40.0 0.0 50.0 0.0 0.0
40.0 6.0 50.0 0.0 1.0

// C后
40.0 6.0 50.0 1.0 1.0
40.0 0.0 50.0 1.0 0.0
20.0 0.0 50.0 0.0 0.0
20.0 6.0 50.0 0.0 1.0

// C左
20.0 6.0 50.0 1.0 1.0
20.0 0.0 50.0 1.0 0.0
20.0 0.0 30.0 0.0 0.0
20.0 6.0 30.0 0.0 1.0

// D前
10.0 6.0 7.0 1.0 1.0
10.0 0.0 7.0 1.0 0.0
30.0 0.0 7.0 0.0 0.0
30.0 6.0 7.0 0.0 1.0

// D左
10.0 6.0 20.0 1.0 1.0
10.0 0.0 20.0 1.0 0.0
10.0 0.0 7.0 0.0 0.0
10.0 6.0 7.0 0.0 1.0

// D右
30.0 6.0 7.0 1.0 1.0
30.0 0.0 7.0 1.0 0.0
30.0 0.0 20.0 0.0 0.0
30.0 6.0 20.0 0.0 1.0
// D后
10.0 6.0 20.0 0.0 1.0
10.0 0.0 20.0 0.0 0.0
30.0 0.0 20.0 1.0 0.0
30.0 6.0 20.0 1.0 1.0
//箱子前
38.0 2.0 28.0 0.0 1.0
38.0 0.0 28.0 0.0 0.0
40.0 0.0 28.0 1.0 0.0
40.0 2.0 28.0 1.0 1.0

//箱子左
38.0 2.0 30.0 0.0 1.0
38.0 0.0 30.0 0.0 0.0
38.0 0.0 28.0 1.0 0.0
38.0 2.0 28.0 1.0 1.0

//箱子右
40.0 2.0 28.0 0.0 1.0
40.0 0.0 28.0 0.0 0.0
40.0 0.0 30.0 1.0 0.0
40.0 2.0 30.0 1.0 1.0

//箱子上
38.0 2.0 30.0 0.0 1.0
38.0 2.0 28.0 0.0 0.0
40.0 2.0 28.0 1.0 0.0
40.0 2.0 30.0 1.0 1.0
